"huswif" <- 
structure(.Data = list(c(49, 25, 40, 52, 58, 32, 43, 47, 31, 26)
, c(1809, 1841, 1659, 1779, 1616, 1695, 1730, 1740, 1685, 1735)
, c(43, 28, 30, 57, 52, 27, 52, 43, 23, 25)
, c(1590, 1560, 1620, 1540, 1420, 1660, 1610, 1580, 1610, 1590)
, c(25, 19, 38, 26, 30, 23, 33, 26, 26, 23)
)
, names = c("Hage", "Hheight", "Wage", "Wheight", "Hagefm")
, row.names = c("1", "2", "3", "4", "5", "6", "7", "8", "9", "10")
, class = "data.frame"
)

